train_error: [0.0461444588513462, 0.046335138433376555, 0.04675463351384334, 0.04686904126306155, 0.045724963770879416, 0.04648768209900084, 0.0466783616810312, 0.04660208984821905, 0.045419876439630844, 0.046411410266188696]
test_error: [0.05936856554564173, 0.05868222374742622, 0.052505147563486614, 0.055593685655456415, 0.060398078242964996, 0.05113246396705559, 0.04804392587508579, 0.053877831159917636, 0.060741249142072753, 0.06005490734385724]
test_sd: 0.00425047325203
train_sd: 0.000438745389925
