train_error: [0.053237739302875446, 0.054000457630996875, 0.05480131187552437, 0.05308519563725116, 0.05358096255053009, 0.05216993364350545, 0.05388604988177866, 0.053352147052093665, 0.05377164213256044, 0.05365723438334223]
test_error: [0.060741249142072753, 0.05593685655456417, 0.055593685655456415, 0.060741249142072753, 0.06245710363761153, 0.06760466712422787, 0.060741249142072753, 0.06142759094028826, 0.05628002745367193, 0.06142759094028826]
test_sd: 0.00344215979026
train_sd: 0.000648097431391
